X-Axis,10x Region 1
-4.59053E+01, 3.52784E+03
-4.37773E+01, 3.52774E+03
-4.16500E+01, 3.52823E+03
-3.95235E+01, 3.52810E+03
-3.73978E+01, 3.52881E+03
-3.52729E+01, 3.52893E+03
-3.31488E+01, 3.53044E+03
-3.10254E+01, 3.53217E+03
-2.89028E+01, 3.53384E+03
-2.67810E+01, 3.53579E+03
-2.46599E+01, 3.53873E+03
-2.25396E+01, 3.54473E+03
-2.04201E+01, 3.55387E+03
-1.83014E+01, 3.57748E+03
-1.61834E+01, 3.68315E+03
-1.40662E+01, 4.10893E+03
-1.19497E+01, 5.18569E+03
-9.83408E+00, 7.37612E+03
-7.71919E+00, 1.20245E+04
-5.60506E+00, 1.49672E+04
-3.49171E+00, 2.15606E+04
-1.37912E+00, 3.53535E+04
 7.32704E-01, 4.86180E+04
 2.84376E+00, 5.15542E+04
 4.95404E+00, 3.57962E+04
 7.06356E+00, 2.00099E+04
 9.17232E+00, 1.55136E+04
 1.12803E+01, 1.17305E+04
 1.33875E+01, 7.87961E+03
 1.54940E+01, 4.99593E+03
 1.75997E+01, 3.86362E+03
 1.97046E+01, 3.62338E+03
 2.18088E+01, 3.56916E+03
 2.39122E+01, 3.55043E+03
 2.60148E+01, 3.54408E+03
 2.81167E+01, 3.53825E+03
 3.02178E+01, 3.53645E+03
 3.23181E+01, 3.53472E+03
 3.44177E+01, 3.53532E+03
 3.65165E+01, 3.53468E+03
 3.86146E+01, 3.53804E+03
 4.07119E+01, 3.54431E+03
 4.28084E+01, 3.55275E+03
 4.49042E+01, 3.56610E+03
 4.69992E+01, 3.57974E+03
 4.90935E+01, 3.59871E+03
 5.11870E+01, 3.62509E+03
 5.32797E+01, 3.65757E+03
 5.53717E+01, 3.70254E+03
 5.74630E+01, 3.74391E+03
 5.95534E+01, 3.77393E+03
 6.16431E+01, 3.78614E+03
 6.37321E+01, 3.78567E+03
 6.58203E+01, 3.78077E+03
 6.79077E+01, 3.77640E+03
 6.99944E+01, 3.77568E+03
 7.20804E+01, 3.77168E+03
 7.41655E+01, 3.77362E+03
 7.62500E+01, 3.76775E+03
 7.83336E+01, 3.75515E+03
 8.04165E+01, 3.74872E+03
 8.24987E+01, 3.74944E+03
 8.45801E+01, 3.74601E+03
 8.66608E+01, 3.74106E+03
 8.87407E+01, 3.73680E+03
 9.08198E+01, 3.73586E+03
 9.28982E+01, 3.74033E+03
 9.49758E+01, 3.73752E+03
 9.70527E+01, 3.73195E+03
 9.91289E+01, 3.72489E+03
 1.01204E+02, 3.72034E+03
 1.03279E+02, 3.71972E+03
 1.05353E+02, 3.71677E+03
 1.07426E+02, 3.71846E+03
 1.09498E+02, 3.71553E+03
 1.11570E+02, 3.70861E+03
 1.13641E+02, 3.70512E+03
 1.15711E+02, 3.70238E+03
 1.17780E+02, 3.69540E+03
 1.19849E+02, 3.69247E+03
 1.21917E+02, 3.68625E+03
 1.23984E+02, 3.67979E+03
 1.26051E+02, 3.67797E+03
 1.28116E+02, 3.67164E+03
 1.30181E+02, 3.66813E+03
 1.32245E+02, 3.66264E+03
 1.34309E+02, 3.65760E+03
 1.36371E+02, 3.65802E+03
 1.38433E+02, 3.65269E+03
 1.40495E+02, 3.65047E+03
 1.42555E+02, 3.64733E+03
 1.44615E+02, 3.64135E+03
 1.46674E+02, 3.63817E+03
 1.48732E+02, 3.63615E+03
 1.50789E+02, 3.63260E+03
 1.52846E+02, 3.62819E+03
 1.54902E+02, 3.62670E+03
 1.56957E+02, 3.62405E+03
 1.59012E+02, 3.62326E+03
 1.61066E+02, 3.61872E+03
 1.63119E+02, 3.61710E+03
 1.65171E+02, 3.61392E+03
 1.67223E+02, 3.61333E+03
 1.69274E+02, 3.60999E+03
 1.71324E+02, 3.61008E+03
 1.73373E+02, 3.60859E+03
 1.75422E+02, 3.60594E+03
 1.77469E+02, 3.60257E+03
 1.79517E+02, 3.60077E+03
 1.81563E+02, 3.59964E+03
 1.83609E+02, 3.59691E+03
 1.85654E+02, 3.59788E+03
 1.87698E+02, 3.59595E+03
 1.89741E+02, 3.59458E+03
 1.91784E+02, 3.59464E+03
 1.93826E+02, 3.59282E+03
 1.95867E+02, 3.59064E+03
 1.97908E+02, 3.58989E+03
 1.99947E+02, 3.58962E+03
 2.01987E+02, 3.58965E+03
 2.04025E+02, 3.58921E+03
 2.06062E+02, 3.58846E+03
 2.08099E+02, 3.58761E+03
 2.10135E+02, 3.58650E+03
 2.12171E+02, 3.58487E+03
 2.14205E+02, 3.58623E+03
 2.16239E+02, 3.58537E+03
 2.18273E+02, 3.58532E+03
 2.20305E+02, 3.58520E+03
 2.22337E+02, 3.58337E+03
 2.24368E+02, 3.58330E+03
 2.26398E+02, 3.58158E+03
 2.28428E+02, 3.58100E+03
 2.30456E+02, 3.57948E+03
 2.32484E+02, 3.57946E+03
 2.34512E+02, 3.57899E+03
 2.36538E+02, 3.57769E+03
 2.38564E+02, 3.57821E+03
 2.40590E+02, 3.57913E+03
 2.42614E+02, 3.57924E+03
 2.44638E+02, 3.58023E+03
 2.46661E+02, 3.58031E+03
 2.48683E+02, 3.58002E+03
 2.50705E+02, 3.58055E+03
 2.52725E+02, 3.58335E+03
 2.54746E+02, 3.58259E+03
 2.56765E+02, 3.58394E+03
 2.58784E+02, 3.58316E+03
 2.60801E+02, 3.58334E+03
 2.62819E+02, 3.58467E+03
 2.64835E+02, 3.58506E+03
 2.66851E+02, 3.58372E+03
 2.68866E+02, 3.58412E+03
 2.70880E+02, 3.58328E+03
 2.72894E+02, 3.58566E+03
 2.74907E+02, 3.58818E+03
 2.76919E+02, 3.58978E+03
 2.78930E+02, 3.59412E+03
 2.80941E+02, 3.59334E+03
 2.82951E+02, 3.59759E+03
 2.84960E+02, 3.59952E+03
 2.86969E+02, 3.60033E+03
 2.88977E+02, 3.60401E+03
 2.90984E+02, 3.60353E+03
 2.92990E+02, 3.60662E+03
 2.94996E+02, 3.60967E+03
 2.97001E+02, 3.61070E+03
 2.99005E+02, 3.61298E+03
 3.01009E+02, 3.61403E+03
 3.03012E+02, 3.61597E+03
 3.05014E+02, 3.61472E+03
 3.07015E+02, 3.61603E+03
 3.09016E+02, 3.61527E+03
 3.11016E+02, 3.61342E+03
 3.13015E+02, 3.61380E+03
 3.15013E+02, 3.61357E+03
 3.17011E+02, 3.61478E+03
 3.19008E+02, 3.61504E+03
 3.21005E+02, 3.61384E+03
 3.23000E+02, 3.61151E+03
 3.24995E+02, 3.61289E+03
 3.26990E+02, 3.61297E+03
 3.28983E+02, 3.60990E+03
 3.30976E+02, 3.60914E+03
 3.32968E+02, 3.60803E+03
 3.34959E+02, 3.60834E+03
 3.36950E+02, 3.60752E+03
 3.38940E+02, 3.60803E+03
 3.40929E+02, 3.60674E+03
 3.42918E+02, 3.60592E+03
 3.44906E+02, 3.60872E+03
 3.46893E+02, 3.61103E+03
 3.48879E+02, 3.61452E+03
 3.50865E+02, 3.61694E+03
 3.52850E+02, 3.61683E+03
 3.54834E+02, 3.61915E+03
 3.56818E+02, 3.61844E+03
 3.58801E+02, 3.61894E+03
 3.60783E+02, 3.61848E+03
 3.62765E+02, 3.61702E+03
 3.64745E+02, 3.61502E+03
 3.66725E+02, 3.61279E+03
 3.68705E+02, 3.61143E+03
 3.70684E+02, 3.60913E+03
 3.72661E+02, 3.60806E+03
 3.74639E+02, 3.60597E+03
 3.76615E+02, 3.60324E+03
 3.78591E+02, 3.60094E+03
 3.80566E+02, 3.59754E+03
 3.82541E+02, 3.59500E+03
 3.84514E+02, 3.59003E+03
 3.86487E+02, 3.58628E+03
 3.88460E+02, 3.58386E+03
 3.90431E+02, 3.58326E+03
 3.92402E+02, 3.58454E+03
 3.94373E+02, 3.58671E+03
 3.96342E+02, 3.58993E+03
 3.98311E+02, 3.59505E+03
 4.00279E+02, 3.60037E+03
 4.02246E+02, 3.60623E+03
 4.04213E+02, 3.61247E+03
 4.06179E+02, 3.61942E+03
 4.08145E+02, 3.62500E+03
 4.10109E+02, 3.62431E+03
 4.12073E+02, 3.62361E+03
 4.14036E+02, 3.62099E+03
 4.15999E+02, 3.61550E+03
 4.17961E+02, 3.61376E+03
 4.19922E+02, 3.61017E+03
 4.21882E+02, 3.61255E+03
 4.23842E+02, 3.61523E+03
 4.25801E+02, 3.61598E+03
 4.27759E+02, 3.61820E+03
 4.29717E+02, 3.62033E+03
 4.31674E+02, 3.62607E+03
 4.33630E+02, 3.62725E+03
 4.35586E+02, 3.63361E+03
 4.37541E+02, 3.63914E+03
 4.39495E+02, 3.64422E+03
 4.41448E+02, 3.64256E+03
 4.43401E+02, 3.64057E+03
 4.45353E+02, 3.63333E+03
 4.47305E+02, 3.62868E+03
 4.49255E+02, 3.62215E+03
 4.51205E+02, 3.61563E+03
 4.53155E+02, 3.61065E+03
 4.55103E+02, 3.60480E+03
 4.57051E+02, 3.60409E+03
 4.58999E+02, 3.60455E+03
 4.60945E+02, 3.60644E+03
 4.62891E+02, 3.61517E+03
 4.64836E+02, 3.62791E+03
 4.66781E+02, 3.64816E+03
 4.68725E+02, 3.68323E+03
 4.70668E+02, 3.73460E+03
 4.72610E+02, 3.79869E+03
 4.74552E+02, 3.85501E+03
 4.76493E+02, 3.89064E+03
 4.78433E+02, 3.89956E+03
 4.80373E+02, 3.87893E+03
 4.82312E+02, 3.84829E+03
 4.84250E+02, 3.81045E+03
 4.86188E+02, 3.77840E+03
 4.88125E+02, 3.74416E+03
 4.90061E+02, 3.71723E+03
 4.91997E+02, 3.69942E+03
 4.93932E+02, 3.68521E+03
 4.95866E+02, 3.67020E+03
 4.97799E+02, 3.65765E+03
 4.99732E+02, 3.64580E+03
 5.01664E+02, 3.63618E+03
 5.03596E+02, 3.62741E+03
 5.05527E+02, 3.62055E+03
 5.07457E+02, 3.61705E+03
 5.09386E+02, 3.61323E+03
 5.11315E+02, 3.61281E+03
 5.13243E+02, 3.61194E+03
 5.15170E+02, 3.61217E+03
 5.17097E+02, 3.60780E+03
 5.19023E+02, 3.60803E+03
 5.20948E+02, 3.60807E+03
 5.22873E+02, 3.60718E+03
 5.24797E+02, 3.60804E+03
 5.26720E+02, 3.60593E+03
 5.28643E+02, 3.60192E+03
 5.30565E+02, 3.59849E+03
 5.32486E+02, 3.59428E+03
 5.34407E+02, 3.59409E+03
 5.36327E+02, 3.59139E+03
 5.38246E+02, 3.58660E+03
 5.40164E+02, 3.58194E+03
 5.42082E+02, 3.57976E+03
 5.43999E+02, 3.57708E+03
 5.45916E+02, 3.57450E+03
 5.47832E+02, 3.57290E+03
 5.49747E+02, 3.57143E+03
 5.51661E+02, 3.57197E+03
 5.53575E+02, 3.57171E+03
 5.55488E+02, 3.57151E+03
 5.57401E+02, 3.57104E+03
 5.59313E+02, 3.57164E+03
 5.61224E+02, 3.57211E+03
 5.63134E+02, 3.57378E+03
 5.65044E+02, 3.57646E+03
 5.66953E+02, 3.58006E+03
 5.68862E+02, 3.58290E+03
 5.70769E+02, 3.58725E+03
 5.72676E+02, 3.59166E+03
 5.74583E+02, 3.59396E+03
 5.76488E+02, 3.59660E+03
 5.78394E+02, 3.59613E+03
 5.80298E+02, 3.59398E+03
 5.82202E+02, 3.58960E+03
 5.84105E+02, 3.58736E+03
 5.86007E+02, 3.58180E+03
 5.87909E+02, 3.57770E+03
 5.89810E+02, 3.57548E+03
 5.91710E+02, 3.57256E+03
 5.93610E+02, 3.57088E+03
 5.95509E+02, 3.57114E+03
 5.97407E+02, 3.56992E+03
 5.99305E+02, 3.56927E+03
 6.01202E+02, 3.57145E+03
 6.03098E+02, 3.57019E+03
 6.04994E+02, 3.57136E+03
 6.06889E+02, 3.57249E+03
 6.08784E+02, 3.57346E+03
 6.10677E+02, 3.57279E+03
 6.12570E+02, 3.57372E+03
 6.14463E+02, 3.57390E+03
 6.16354E+02, 3.57330E+03
 6.18245E+02, 3.57293E+03
 6.20136E+02, 3.57131E+03
 6.22025E+02, 3.56714E+03
 6.23914E+02, 3.56548E+03
 6.25803E+02, 3.56172E+03
 6.27691E+02, 3.56114E+03
 6.29578E+02, 3.55914E+03
 6.31464E+02, 3.55530E+03
 6.33350E+02, 3.55351E+03
 6.35235E+02, 3.55199E+03
 6.37119E+02, 3.55008E+03
 6.39003E+02, 3.54917E+03
 6.40886E+02, 3.54942E+03
 6.42768E+02, 3.54878E+03
 6.44650E+02, 3.54908E+03
 6.46531E+02, 3.54804E+03
 6.48412E+02, 3.54905E+03
 6.50292E+02, 3.54875E+03
 6.52171E+02, 3.54804E+03
 6.54049E+02, 3.54711E+03
 6.55927E+02, 3.54860E+03
 6.57804E+02, 3.54734E+03
 6.59681E+02, 3.54725E+03
 6.61556E+02, 3.54849E+03
 6.63432E+02, 3.54782E+03
 6.65306E+02, 3.54829E+03
 6.67180E+02, 3.54802E+03
 6.69053E+02, 3.54709E+03
 6.70926E+02, 3.54766E+03
 6.72798E+02, 3.54782E+03
 6.74669E+02, 3.54652E+03
 6.76539E+02, 3.54665E+03
 6.78409E+02, 3.54617E+03
 6.80279E+02, 3.54666E+03
 6.82147E+02, 3.54547E+03
 6.84015E+02, 3.54498E+03
 6.85882E+02, 3.54540E+03
 6.87749E+02, 3.54603E+03
 6.89615E+02, 3.54483E+03
 6.91480E+02, 3.54352E+03
 6.93345E+02, 3.54452E+03
 6.95209E+02, 3.54396E+03
 6.97073E+02, 3.54652E+03
 6.98935E+02, 3.54550E+03
 7.00797E+02, 3.54652E+03
 7.02659E+02, 3.54964E+03
 7.04520E+02, 3.55028E+03
 7.06380E+02, 3.55318E+03
 7.08239E+02, 3.55301E+03
 7.10098E+02, 3.55453E+03
 7.11956E+02, 3.55547E+03
 7.13814E+02, 3.55716E+03
 7.15671E+02, 3.55672E+03
 7.17527E+02, 3.55674E+03
 7.19382E+02, 3.55511E+03
 7.21237E+02, 3.55492E+03
 7.23092E+02, 3.55426E+03
 7.24945E+02, 3.55285E+03
 7.26798E+02, 3.55073E+03
 7.28651E+02, 3.54838E+03
 7.30502E+02, 3.54636E+03
 7.32353E+02, 3.54377E+03
 7.34204E+02, 3.54358E+03
 7.36054E+02, 3.54179E+03
 7.37903E+02, 3.54159E+03
 7.39751E+02, 3.54122E+03
 7.41599E+02, 3.54189E+03
 7.43446E+02, 3.54167E+03
 7.45293E+02, 3.54193E+03
 7.47139E+02, 3.54329E+03
 7.48984E+02, 3.54499E+03
 7.50828E+02, 3.54765E+03
 7.52672E+02, 3.55154E+03
 7.54516E+02, 3.55303E+03
 7.56358E+02, 3.55287E+03
 7.58200E+02, 3.55396E+03
 7.60042E+02, 3.55523E+03
 7.61883E+02, 3.55540E+03
 7.63723E+02, 3.55652E+03
 7.65562E+02, 3.55760E+03
 7.67401E+02, 3.56050E+03
 7.69239E+02, 3.55974E+03
 7.71077E+02, 3.55930E+03
 7.72914E+02, 3.55700E+03
 7.74750E+02, 3.55512E+03
 7.76585E+02, 3.55361E+03
 7.78420E+02, 3.55097E+03
 7.80255E+02, 3.55043E+03
 7.82088E+02, 3.54992E+03
 7.83921E+02, 3.54934E+03
 7.85754E+02, 3.54694E+03
 7.87586E+02, 3.54545E+03
 7.89417E+02, 3.54554E+03
 7.91247E+02, 3.54436E+03
 7.93077E+02, 3.54456E+03
 7.94906E+02, 3.54224E+03
 7.96735E+02, 3.54105E+03
 7.98563E+02, 3.54009E+03
 8.00390E+02, 3.53893E+03
 8.02217E+02, 3.53735E+03
 8.04043E+02, 3.53681E+03
 8.05869E+02, 3.53644E+03
 8.07693E+02, 3.53570E+03
 8.09517E+02, 3.53617E+03
 8.11341E+02, 3.53646E+03
 8.13164E+02, 3.53647E+03
 8.14986E+02, 3.53606E+03
 8.16808E+02, 3.53663E+03
 8.18629E+02, 3.53735E+03
 8.20449E+02, 3.53685E+03
 8.22269E+02, 3.53838E+03
 8.24088E+02, 3.53844E+03
 8.25906E+02, 3.54095E+03
 8.27724E+02, 3.54246E+03
 8.29541E+02, 3.54591E+03
 8.31358E+02, 3.54883E+03
 8.33174E+02, 3.55340E+03
 8.34989E+02, 3.55739E+03
 8.36804E+02, 3.56191E+03
 8.38618E+02, 3.56754E+03
 8.40431E+02, 3.57172E+03
 8.42244E+02, 3.57785E+03
 8.44056E+02, 3.58257E+03
 8.45868E+02, 3.58744E+03
 8.47679E+02, 3.59209E+03
 8.49489E+02, 3.59226E+03
 8.51298E+02, 3.59682E+03
 8.53107E+02, 3.59933E+03
 8.54916E+02, 3.60033E+03
 8.56724E+02, 3.60117E+03
 8.58531E+02, 3.60527E+03
 8.60337E+02, 3.60506E+03
 8.62143E+02, 3.60964E+03
 8.63948E+02, 3.60877E+03
 8.65753E+02, 3.61085E+03
 8.67557E+02, 3.60783E+03
 8.69360E+02, 3.60455E+03
 8.71163E+02, 3.60099E+03
 8.72965E+02, 3.59288E+03
 8.74767E+02, 3.58628E+03
 8.76568E+02, 3.57557E+03
 8.78368E+02, 3.56714E+03
 8.80167E+02, 3.56255E+03
 8.81966E+02, 3.55840E+03
 8.83765E+02, 3.55553E+03
 8.85563E+02, 3.55138E+03
 8.87360E+02, 3.55130E+03
 8.89156E+02, 3.55024E+03
 8.90952E+02, 3.55240E+03
 8.92747E+02, 3.55464E+03
 8.94542E+02, 3.55740E+03
 8.96336E+02, 3.55882E+03
 8.98129E+02, 3.56242E+03
 8.99922E+02, 3.56681E+03
 9.01714E+02, 3.57033E+03
 9.03506E+02, 3.57577E+03
 9.05297E+02, 3.58035E+03
 9.07087E+02, 3.58417E+03
 9.08877E+02, 3.58530E+03
 9.10666E+02, 3.58673E+03
 9.12454E+02, 3.58873E+03
 9.14242E+02, 3.58891E+03
 9.16029E+02, 3.59075E+03
 9.17816E+02, 3.59140E+03
 9.19602E+02, 3.59461E+03
 9.21387E+02, 3.59868E+03
 9.23172E+02, 3.60220E+03
 9.24956E+02, 3.60469E+03
 9.26740E+02, 3.60837E+03
 9.28523E+02, 3.61279E+03
 9.30305E+02, 3.61627E+03
 9.32087E+02, 3.62552E+03
 9.33868E+02, 3.63098E+03
 9.35648E+02, 3.64018E+03
 9.37428E+02, 3.65042E+03
 9.39207E+02, 3.65689E+03
 9.40986E+02, 3.66069E+03
 9.42764E+02, 3.66021E+03
 9.44541E+02, 3.64917E+03
 9.46318E+02, 3.62979E+03
 9.48094E+02, 3.60798E+03
 9.49869E+02, 3.59047E+03
 9.51644E+02, 3.57653E+03
 9.53419E+02, 3.56457E+03
 9.55192E+02, 3.55557E+03
 9.56965E+02, 3.55026E+03
 9.58738E+02, 3.54634E+03
 9.60510E+02, 3.54387E+03
 9.62281E+02, 3.54282E+03
 9.64051E+02, 3.54123E+03
 9.65821E+02, 3.54050E+03
 9.67591E+02, 3.53947E+03
 9.69360E+02, 3.53829E+03
 9.71128E+02, 3.53834E+03
 9.72895E+02, 3.53916E+03
 9.74662E+02, 3.54006E+03
 9.76429E+02, 3.53886E+03
 9.78195E+02, 3.53831E+03
 9.79960E+02, 3.53920E+03
 9.81724E+02, 3.54024E+03
 9.83488E+02, 3.54088E+03
 9.85251E+02, 3.54275E+03
 9.87014E+02, 3.54545E+03
 9.88776E+02, 3.54484E+03
 9.90538E+02, 3.54946E+03
 9.92299E+02, 3.55066E+03
 9.94059E+02, 3.55393E+03
 9.95819E+02, 3.55589E+03
 9.97578E+02, 3.55944E+03
 9.99336E+02, 3.56370E+03
 1.00109E+03, 3.56553E+03
 1.00285E+03, 3.56772E+03
 1.00461E+03, 3.57034E+03
 1.00636E+03, 3.57098E+03
 1.00812E+03, 3.57078E+03
 1.00987E+03, 3.57273E+03
 1.01163E+03, 3.57384E+03
 1.01338E+03, 3.57457E+03
 1.01514E+03, 3.57846E+03
 1.01689E+03, 3.57905E+03
 1.01864E+03, 3.57905E+03
 1.02039E+03, 3.57923E+03
 1.02214E+03, 3.58117E+03
 1.02389E+03, 3.58258E+03
 1.02564E+03, 3.58426E+03
 1.02739E+03, 3.58631E+03
 1.02914E+03, 3.58772E+03
 1.03089E+03, 3.59047E+03
 1.03263E+03, 3.59013E+03
 1.03438E+03, 3.59045E+03
 1.03612E+03, 3.59257E+03
 1.03787E+03, 3.59464E+03
 1.03961E+03, 3.59723E+03
 1.04136E+03, 3.59960E+03
 1.04310E+03, 3.60180E+03
 1.04484E+03, 3.60333E+03
 1.04659E+03, 3.60151E+03
 1.04833E+03, 3.60409E+03
 1.05007E+03, 3.60523E+03
 1.05181E+03, 3.60621E+03
 1.05355E+03, 3.60601E+03
 1.05529E+03, 3.60448E+03
 1.05703E+03, 3.60218E+03
 1.05877E+03, 3.60142E+03
 1.06050E+03, 3.59970E+03
 1.06224E+03, 3.59698E+03
 1.06398E+03, 3.59572E+03
 1.06571E+03, 3.59335E+03
 1.06745E+03, 3.59076E+03
 1.06918E+03, 3.58929E+03
 1.07092E+03, 3.59220E+03
 1.07265E+03, 3.60051E+03
 1.07438E+03, 3.60717E+03
 1.07611E+03, 3.61681E+03
 1.07785E+03, 3.62616E+03
 1.07958E+03, 3.63569E+03
 1.08131E+03, 3.64005E+03
 1.08304E+03, 3.64146E+03
 1.08477E+03, 3.64314E+03
 1.08649E+03, 3.64172E+03
 1.08822E+03, 3.63906E+03
 1.08995E+03, 3.63577E+03
 1.09168E+03, 3.63078E+03
 1.09340E+03, 3.62382E+03
 1.09513E+03, 3.62316E+03
 1.09685E+03, 3.62124E+03
 1.09858E+03, 3.62194E+03
 1.10030E+03, 3.62401E+03
 1.10202E+03, 3.62918E+03
 1.10375E+03, 3.63019E+03
 1.10547E+03, 3.63322E+03
 1.10719E+03, 3.63831E+03
 1.10891E+03, 3.64019E+03
 1.11063E+03, 3.64257E+03
 1.11235E+03, 3.64394E+03
 1.11407E+03, 3.64539E+03
 1.11579E+03, 3.64268E+03
 1.11751E+03, 3.64494E+03
 1.11922E+03, 3.64395E+03
 1.12094E+03, 3.64649E+03
 1.12266E+03, 3.64895E+03
 1.12437E+03, 3.64973E+03
 1.12609E+03, 3.65360E+03
 1.12780E+03, 3.65526E+03
 1.12952E+03, 3.65734E+03
 1.13123E+03, 3.65570E+03
 1.13294E+03, 3.65028E+03
 1.13465E+03, 3.64565E+03
 1.13637E+03, 3.64185E+03
 1.13808E+03, 3.63395E+03
 1.13979E+03, 3.62801E+03
 1.14150E+03, 3.62667E+03
 1.14321E+03, 3.62428E+03
 1.14491E+03, 3.62523E+03
 1.14662E+03, 3.62298E+03
 1.14833E+03, 3.62326E+03
 1.15004E+03, 3.62021E+03
 1.15174E+03, 3.61689E+03
 1.15345E+03, 3.61313E+03
 1.15515E+03, 3.61004E+03
 1.15686E+03, 3.60375E+03
 1.15856E+03, 3.59871E+03
 1.16026E+03, 3.59451E+03
 1.16197E+03, 3.58702E+03
 1.16367E+03, 3.58019E+03
 1.16537E+03, 3.57435E+03
 1.16707E+03, 3.56889E+03
 1.16877E+03, 3.56154E+03
 1.17047E+03, 3.55833E+03
 1.17217E+03, 3.55423E+03
 1.17387E+03, 3.55173E+03
 1.17557E+03, 3.54806E+03
 1.17727E+03, 3.54738E+03
 1.17896E+03, 3.54514E+03
 1.18066E+03, 3.54392E+03
 1.18236E+03, 3.54257E+03
 1.18405E+03, 3.54200E+03
 1.18575E+03, 3.54098E+03
 1.18744E+03, 3.54190E+03
 1.18913E+03, 3.54181E+03
 1.19083E+03, 3.54269E+03
 1.19252E+03, 3.54243E+03
 1.19421E+03, 3.54251E+03
 1.19590E+03, 3.54273E+03
 1.19759E+03, 3.54539E+03
 1.19928E+03, 3.54703E+03
 1.20097E+03, 3.54721E+03
 1.20266E+03, 3.54780E+03
 1.20435E+03, 3.54783E+03
 1.20604E+03, 3.55032E+03
 1.20772E+03, 3.55061E+03
 1.20941E+03, 3.54996E+03
 1.21110E+03, 3.55017E+03
 1.21278E+03, 3.55009E+03
 1.21447E+03, 3.54918E+03
 1.21615E+03, 3.54789E+03
 1.21783E+03, 3.54830E+03
 1.21952E+03, 3.54736E+03
 1.22120E+03, 3.54642E+03
 1.22288E+03, 3.54702E+03
 1.22456E+03, 3.54838E+03
 1.22624E+03, 3.54804E+03
 1.22792E+03, 3.55012E+03
 1.22960E+03, 3.55135E+03
 1.23128E+03, 3.55261E+03
 1.23296E+03, 3.55407E+03
 1.23464E+03, 3.55670E+03
 1.23632E+03, 3.55838E+03
 1.23799E+03, 3.56057E+03
 1.23967E+03, 3.56316E+03
 1.24135E+03, 3.56533E+03
 1.24302E+03, 3.56695E+03
 1.24470E+03, 3.56817E+03
 1.24637E+03, 3.57058E+03
 1.24804E+03, 3.57282E+03
 1.24972E+03, 3.57234E+03
 1.25139E+03, 3.57286E+03
 1.25306E+03, 3.57418E+03
 1.25473E+03, 3.57455E+03
 1.25640E+03, 3.57530E+03
 1.25807E+03, 3.57565E+03
 1.25974E+03, 3.57808E+03
 1.26141E+03, 3.57889E+03
 1.26308E+03, 3.57922E+03
 1.26475E+03, 3.57867E+03
 1.26641E+03, 3.57836E+03
 1.26808E+03, 3.57563E+03
 1.26975E+03, 3.57123E+03
 1.27141E+03, 3.56957E+03
 1.27308E+03, 3.56781E+03
 1.27474E+03, 3.56494E+03
 1.27641E+03, 3.56159E+03
 1.27807E+03, 3.56074E+03
 1.27973E+03, 3.55822E+03
 1.28139E+03, 3.55801E+03
 1.28306E+03, 3.55891E+03
 1.28472E+03, 3.55836E+03
 1.28638E+03, 3.55800E+03
 1.28804E+03, 3.55684E+03
 1.28970E+03, 3.55750E+03
 1.29135E+03, 3.55790E+03
 1.29301E+03, 3.55831E+03
 1.29467E+03, 3.55908E+03
 1.29633E+03, 3.55930E+03
 1.29798E+03, 3.56066E+03
 1.29964E+03, 3.56327E+03
 1.30130E+03, 3.56516E+03
 1.30295E+03, 3.56570E+03
 1.30460E+03, 3.56691E+03
 1.30626E+03, 3.56815E+03
 1.30791E+03, 3.56907E+03
 1.30956E+03, 3.56914E+03
 1.31122E+03, 3.56941E+03
 1.31287E+03, 3.57016E+03
 1.31452E+03, 3.57232E+03
 1.31617E+03, 3.57295E+03
 1.31782E+03, 3.57576E+03
 1.31947E+03, 3.57861E+03
 1.32112E+03, 3.58188E+03
 1.32276E+03, 3.58616E+03
 1.32441E+03, 3.59112E+03
 1.32606E+03, 3.59491E+03
 1.32771E+03, 3.60002E+03
 1.32935E+03, 3.60480E+03
 1.33100E+03, 3.60846E+03
 1.33264E+03, 3.61437E+03
 1.33429E+03, 3.61758E+03
 1.33593E+03, 3.62070E+03
 1.33757E+03, 3.62322E+03
 1.33922E+03, 3.62451E+03
 1.34086E+03, 3.62400E+03
 1.34250E+03, 3.62388E+03
 1.34414E+03, 3.62254E+03
 1.34578E+03, 3.61907E+03
 1.34742E+03, 3.61521E+03
 1.34906E+03, 3.61018E+03
 1.35070E+03, 3.60726E+03
 1.35234E+03, 3.60598E+03
 1.35397E+03, 3.60035E+03
 1.35561E+03, 3.59822E+03
 1.35725E+03, 3.59403E+03
 1.35888E+03, 3.59119E+03
 1.36052E+03, 3.59088E+03
 1.36215E+03, 3.59183E+03
 1.36379E+03, 3.59106E+03
 1.36542E+03, 3.59050E+03
 1.36706E+03, 3.59197E+03
 1.36869E+03, 3.59350E+03
 1.37032E+03, 3.59639E+03
 1.37195E+03, 3.59923E+03
 1.37358E+03, 3.60190E+03
 1.37521E+03, 3.60652E+03
 1.37684E+03, 3.60863E+03
 1.37847E+03, 3.60955E+03
 1.38010E+03, 3.61066E+03
 1.38173E+03, 3.61117E+03
 1.38336E+03, 3.61145E+03
 1.38498E+03, 3.60995E+03
 1.38661E+03, 3.60582E+03
 1.38824E+03, 3.60090E+03
 1.38986E+03, 3.60062E+03
 1.39149E+03, 3.60189E+03
 1.39311E+03, 3.59704E+03
 1.39474E+03, 3.59678E+03
 1.39636E+03, 3.59695E+03
 1.39798E+03, 3.59850E+03
 1.39960E+03, 3.59707E+03
 1.40123E+03, 3.59452E+03
 1.40285E+03, 3.59492E+03
 1.40447E+03, 3.59283E+03
 1.40609E+03, 3.59060E+03
 1.40771E+03, 3.58816E+03
 1.40933E+03, 3.58619E+03
 1.41094E+03, 3.58232E+03
 1.41256E+03, 3.58152E+03
 1.41418E+03, 3.57947E+03
 1.41580E+03, 3.57653E+03
 1.41741E+03, 3.57335E+03
 1.41903E+03, 3.57265E+03
 1.42064E+03, 3.57122E+03
 1.42226E+03, 3.56806E+03
 1.42387E+03, 3.56554E+03
 1.42549E+03, 3.56290E+03
 1.42710E+03, 3.56159E+03
 1.42871E+03, 3.55888E+03
 1.43032E+03, 3.55907E+03
 1.43193E+03, 3.55565E+03
 1.43354E+03, 3.55449E+03
 1.43516E+03, 3.55381E+03
 1.43676E+03, 3.55281E+03
 1.43837E+03, 3.55262E+03
 1.43998E+03, 3.55151E+03
 1.44159E+03, 3.55134E+03
 1.44320E+03, 3.55259E+03
 1.44481E+03, 3.55499E+03
 1.44641E+03, 3.55640E+03
 1.44802E+03, 3.56109E+03
 1.44962E+03, 3.56562E+03
 1.45123E+03, 3.57184E+03
 1.45283E+03, 3.57671E+03
 1.45444E+03, 3.58134E+03
 1.45604E+03, 3.58638E+03
 1.45764E+03, 3.58786E+03
 1.45924E+03, 3.59014E+03
 1.46085E+03, 3.59178E+03
 1.46245E+03, 3.59060E+03
 1.46405E+03, 3.59030E+03
 1.46565E+03, 3.58674E+03
 1.46725E+03, 3.58315E+03
 1.46885E+03, 3.57900E+03
 1.47044E+03, 3.57225E+03
 1.47204E+03, 3.56402E+03
 1.47364E+03, 3.55867E+03
 1.47524E+03, 3.55441E+03
 1.47683E+03, 3.54960E+03
 1.47843E+03, 3.54584E+03
 1.48002E+03, 3.54233E+03
 1.48162E+03, 3.53911E+03
 1.48321E+03, 3.53696E+03
 1.48481E+03, 3.53645E+03
 1.48640E+03, 3.53587E+03
 1.48799E+03, 3.53448E+03
 1.48958E+03, 3.53364E+03
 1.49118E+03, 3.53312E+03
 1.49277E+03, 3.53255E+03
 1.49436E+03, 3.53240E+03
 1.49595E+03, 3.53159E+03
 1.49754E+03, 3.53142E+03
 1.49913E+03, 3.53171E+03
 1.50071E+03, 3.53113E+03
 1.50230E+03, 3.53118E+03
 1.50389E+03, 3.53098E+03
 1.50548E+03, 3.53122E+03
 1.50706E+03, 3.53108E+03
 1.50865E+03, 3.53053E+03
 1.51023E+03, 3.53117E+03
 1.51182E+03, 3.53080E+03
 1.51340E+03, 3.53079E+03
 1.51498E+03, 3.53080E+03
 1.51657E+03, 3.53149E+03
 1.51815E+03, 3.53033E+03
 1.51973E+03, 3.52984E+03
 1.52131E+03, 3.53091E+03
 1.52289E+03, 3.53050E+03
 1.52447E+03, 3.53045E+03
 1.52605E+03, 3.53042E+03
 1.52763E+03, 3.53136E+03
 1.52921E+03, 3.53037E+03
 1.53079E+03, 3.53031E+03
 1.53237E+03, 3.53044E+03
 1.53395E+03, 3.53063E+03
 1.53552E+03, 3.52974E+03
 1.53710E+03, 3.53021E+03
 1.53867E+03, 3.53073E+03
 1.54025E+03, 3.53028E+03
 1.54182E+03, 3.52956E+03
 1.54340E+03, 3.53001E+03
 1.54497E+03, 3.53115E+03
 1.54654E+03, 3.53127E+03
 1.54812E+03, 3.53006E+03
 1.54969E+03, 3.53030E+03
 1.55126E+03, 3.53124E+03
 1.55283E+03, 3.53049E+03
 1.55440E+03, 3.53114E+03
 1.55597E+03, 3.53072E+03
 1.55754E+03, 3.53078E+03
 1.55911E+03, 3.53083E+03
 1.56068E+03, 3.53021E+03
 1.56225E+03, 3.53023E+03
 1.56381E+03, 3.53029E+03
 1.56538E+03, 3.53100E+03
 1.56695E+03, 3.53097E+03
 1.56851E+03, 3.53083E+03
 1.57008E+03, 3.53061E+03
 1.57164E+03, 3.53090E+03
 1.57320E+03, 3.53011E+03
 1.57477E+03, 3.53107E+03
 1.57633E+03, 3.53085E+03
 1.57789E+03, 3.53079E+03
 1.57946E+03, 3.52990E+03
 1.58102E+03, 3.53067E+03
 1.58258E+03, 3.53055E+03
 1.58414E+03, 3.53099E+03
 1.58570E+03, 3.53071E+03
 1.58726E+03, 3.53013E+03
 1.58882E+03, 3.53002E+03
 1.59038E+03, 3.53095E+03
 1.59193E+03, 3.53107E+03
 1.59349E+03, 3.53078E+03
 1.59505E+03, 3.53066E+03
 1.59660E+03, 3.52986E+03
 1.59816E+03, 3.53063E+03
 1.59971E+03, 3.53151E+03
 1.60127E+03, 3.53063E+03
 1.60282E+03, 3.53065E+03
 1.60438E+03, 3.53056E+03
 1.60593E+03, 3.53135E+03
 1.60748E+03, 3.53258E+03
 1.60904E+03, 3.53039E+03
 1.61059E+03, 3.53128E+03
 1.61214E+03, 3.53032E+03
 1.61369E+03, 3.53104E+03
 1.61524E+03, 3.53072E+03
 1.61679E+03, 3.53186E+03
 1.61834E+03, 3.53116E+03
 1.61989E+03, 3.53184E+03
 1.62143E+03, 3.53100E+03
 1.62298E+03, 3.53129E+03
 1.62453E+03, 3.53261E+03
 1.62608E+03, 3.53234E+03
 1.62762E+03, 3.53228E+03
 1.62917E+03, 3.53209E+03
 1.63071E+03, 3.53098E+03
 1.63226E+03, 3.53237E+03
 1.63380E+03, 3.53218E+03
 1.63534E+03, 3.53264E+03
 1.63689E+03, 3.53257E+03
 1.63843E+03, 3.53217E+03
 1.63997E+03, 3.53096E+03
 1.64151E+03, 3.53234E+03
 1.64305E+03, 3.53293E+03
 1.64459E+03, 3.53171E+03
 1.64613E+03, 3.53305E+03
 1.64767E+03, 3.53240E+03
 1.64921E+03, 3.53225E+03
 1.65075E+03, 3.53221E+03
 1.65229E+03, 3.53250E+03
 1.65382E+03, 3.53288E+03
 1.65536E+03, 3.53297E+03
 1.65690E+03, 3.53415E+03
 1.65843E+03, 3.53390E+03
 1.65997E+03, 3.53469E+03
 1.66150E+03, 3.53388E+03
 1.66304E+03, 3.53439E+03
 1.66457E+03, 3.53509E+03
 1.66610E+03, 3.53380E+03
 1.66764E+03, 3.53350E+03
 1.66917E+03, 3.53312E+03
 1.67070E+03, 3.53246E+03
 1.67223E+03, 3.53196E+03
 1.67376E+03, 3.53231E+03
 1.67529E+03, 3.53275E+03
 1.67682E+03, 3.53211E+03
 1.67835E+03, 3.53146E+03
 1.67988E+03, 3.53148E+03
 1.68141E+03, 3.53168E+03
 1.68294E+03, 3.53158E+03
 1.68446E+03, 3.53243E+03
 1.68599E+03, 3.53223E+03
 1.68752E+03, 3.53274E+03
 1.68904E+03, 3.53166E+03
 1.69057E+03, 3.53248E+03
 1.69209E+03, 3.53170E+03
 1.69362E+03, 3.53294E+03
 1.69514E+03, 3.53292E+03
 1.69666E+03, 3.53193E+03
 1.69818E+03, 3.53178E+03
 1.69971E+03, 3.53192E+03
 1.70123E+03, 3.53185E+03
 1.70275E+03, 3.53223E+03
 1.70427E+03, 3.53277E+03
 1.70579E+03, 3.53264E+03
 1.70731E+03, 3.53213E+03
 1.70883E+03, 3.53218E+03
 1.71035E+03, 3.53223E+03
 1.71187E+03, 3.53203E+03
 1.71338E+03, 3.53238E+03
 1.71490E+03, 3.53219E+03
 1.71642E+03, 3.53256E+03
 1.71793E+03, 3.53156E+03
 1.71945E+03, 3.53215E+03
 1.72096E+03, 3.53071E+03
 1.72248E+03, 3.53244E+03
 1.72399E+03, 3.53201E+03
 1.72551E+03, 3.53174E+03
 1.72702E+03, 3.53192E+03
 1.72853E+03, 3.53187E+03
 1.73004E+03, 3.53287E+03
 1.73155E+03, 3.53192E+03
 1.73307E+03, 3.53262E+03
 1.73458E+03, 3.53215E+03
 1.73609E+03, 3.53298E+03
 1.73760E+03, 3.53151E+03
 1.73910E+03, 3.53230E+03
 1.74061E+03, 3.53315E+03
 1.74212E+03, 3.53337E+03
 1.74363E+03, 3.53260E+03
 1.74514E+03, 3.53268E+03
 1.74664E+03, 3.53210E+03
 1.74815E+03, 3.53332E+03
 1.74965E+03, 3.53381E+03
 1.75116E+03, 3.53322E+03
 1.75266E+03, 3.53323E+03
 1.75417E+03, 3.53321E+03
 1.75567E+03, 3.53349E+03
 1.75717E+03, 3.53351E+03
 1.75868E+03, 3.53173E+03
 1.76018E+03, 3.53279E+03
 1.76168E+03, 3.53277E+03
 1.76318E+03, 3.53272E+03
 1.76468E+03, 3.53287E+03
 1.76618E+03, 3.53352E+03
 1.76768E+03, 3.53370E+03
 1.76918E+03, 3.53289E+03
 1.77068E+03, 3.53302E+03
 1.77218E+03, 3.53422E+03
 1.77368E+03, 3.53405E+03
 1.77517E+03, 3.53395E+03
 1.77667E+03, 3.53353E+03
 1.77817E+03, 3.53436E+03
 1.77966E+03, 3.53235E+03
 1.78116E+03, 3.53268E+03
 1.78265E+03, 3.53367E+03
