X-Axis,10x Region 3
-4.59053E+01, 3.52709E+03
-4.37773E+01, 3.52802E+03
-4.16500E+01, 3.52743E+03
-3.95235E+01, 3.52728E+03
-3.73978E+01, 3.52877E+03
-3.52729E+01, 3.52925E+03
-3.31488E+01, 3.53136E+03
-3.10254E+01, 3.53271E+03
-2.89028E+01, 3.53374E+03
-2.67810E+01, 3.53589E+03
-2.46599E+01, 3.53925E+03
-2.25396E+01, 3.54428E+03
-2.04201E+01, 3.55489E+03
-1.83014E+01, 3.58163E+03
-1.61834E+01, 3.70569E+03
-1.40662E+01, 4.25426E+03
-1.19497E+01, 5.52160E+03
-9.83408E+00, 7.79393E+03
-7.71919E+00, 1.16341E+04
-5.60506E+00, 1.55470E+04
-3.49171E+00, 2.19402E+04
-1.37912E+00, 3.77438E+04
 7.32704E-01, 4.69581E+04
 2.84376E+00, 4.83738E+04
 4.95404E+00, 3.37038E+04
 7.06356E+00, 2.42494E+04
 9.17232E+00, 1.43845E+04
 1.12803E+01, 1.01814E+04
 1.33875E+01, 6.84598E+03
 1.54940E+01, 4.95738E+03
 1.75997E+01, 3.88901E+03
 1.97046E+01, 3.63008E+03
 2.18088E+01, 3.57277E+03
 2.39122E+01, 3.55307E+03
 2.60148E+01, 3.54529E+03
 2.81167E+01, 3.53861E+03
 3.02178E+01, 3.53570E+03
 3.23181E+01, 3.53460E+03
 3.44177E+01, 3.53344E+03
 3.65165E+01, 3.53190E+03
 3.86146E+01, 3.53189E+03
 4.07119E+01, 3.53209E+03
 4.28084E+01, 3.53424E+03
 4.49042E+01, 3.54167E+03
 4.69992E+01, 3.55137E+03
 4.90935E+01, 3.57100E+03
 5.11870E+01, 3.59811E+03
 5.32797E+01, 3.63498E+03
 5.53717E+01, 3.68471E+03
 5.74630E+01, 3.73493E+03
 5.95534E+01, 3.77365E+03
 6.16431E+01, 3.79687E+03
 6.37321E+01, 3.80131E+03
 6.58203E+01, 3.80014E+03
 6.79077E+01, 3.80122E+03
 6.99944E+01, 3.79603E+03
 7.20804E+01, 3.79372E+03
 7.41655E+01, 3.78772E+03
 7.62500E+01, 3.78351E+03
 7.83336E+01, 3.77691E+03
 8.04165E+01, 3.77044E+03
 8.24987E+01, 3.76853E+03
 8.45801E+01, 3.76363E+03
 8.66608E+01, 3.75626E+03
 8.87407E+01, 3.75492E+03
 9.08198E+01, 3.75530E+03
 9.28982E+01, 3.75909E+03
 9.49758E+01, 3.75467E+03
 9.70527E+01, 3.74728E+03
 9.91289E+01, 3.74593E+03
 1.01204E+02, 3.73986E+03
 1.03279E+02, 3.73731E+03
 1.05353E+02, 3.73337E+03
 1.07426E+02, 3.73581E+03
 1.09498E+02, 3.73473E+03
 1.11570E+02, 3.72879E+03
 1.13641E+02, 3.72434E+03
 1.15711E+02, 3.71670E+03
 1.17780E+02, 3.71110E+03
 1.19849E+02, 3.70464E+03
 1.21917E+02, 3.70095E+03
 1.23984E+02, 3.69677E+03
 1.26051E+02, 3.69189E+03
 1.28116E+02, 3.68672E+03
 1.30181E+02, 3.68233E+03
 1.32245E+02, 3.67570E+03
 1.34309E+02, 3.67049E+03
 1.36371E+02, 3.66709E+03
 1.38433E+02, 3.66355E+03
 1.40495E+02, 3.66215E+03
 1.42555E+02, 3.65931E+03
 1.44615E+02, 3.65315E+03
 1.46674E+02, 3.65158E+03
 1.48732E+02, 3.64705E+03
 1.50789E+02, 3.64488E+03
 1.52846E+02, 3.64064E+03
 1.54902E+02, 3.63735E+03
 1.56957E+02, 3.63489E+03
 1.59012E+02, 3.62956E+03
 1.61066E+02, 3.62795E+03
 1.63119E+02, 3.62678E+03
 1.65171E+02, 3.62662E+03
 1.67223E+02, 3.62299E+03
 1.69274E+02, 3.62069E+03
 1.71324E+02, 3.61928E+03
 1.73373E+02, 3.61729E+03
 1.75422E+02, 3.61489E+03
 1.77469E+02, 3.61356E+03
 1.79517E+02, 3.61007E+03
 1.81563E+02, 3.60905E+03
 1.83609E+02, 3.60539E+03
 1.85654E+02, 3.60393E+03
 1.87698E+02, 3.60394E+03
 1.89741E+02, 3.60138E+03
 1.91784E+02, 3.59903E+03
 1.93826E+02, 3.59676E+03
 1.95867E+02, 3.59685E+03
 1.97908E+02, 3.59641E+03
 1.99947E+02, 3.59604E+03
 2.01987E+02, 3.59386E+03
 2.04025E+02, 3.59532E+03
 2.06062E+02, 3.59423E+03
 2.08099E+02, 3.59355E+03
 2.10135E+02, 3.59394E+03
 2.12171E+02, 3.59230E+03
 2.14205E+02, 3.59227E+03
 2.16239E+02, 3.59153E+03
 2.18273E+02, 3.59157E+03
 2.20305E+02, 3.58989E+03
 2.22337E+02, 3.58980E+03
 2.24368E+02, 3.58914E+03
 2.26398E+02, 3.58777E+03
 2.28428E+02, 3.58773E+03
 2.30456E+02, 3.58367E+03
 2.32484E+02, 3.58565E+03
 2.34512E+02, 3.58448E+03
 2.36538E+02, 3.58489E+03
 2.38564E+02, 3.58464E+03
 2.40590E+02, 3.58608E+03
 2.42614E+02, 3.58500E+03
 2.44638E+02, 3.58679E+03
 2.46661E+02, 3.58823E+03
 2.48683E+02, 3.58871E+03
 2.50705E+02, 3.59098E+03
 2.52725E+02, 3.59067E+03
 2.54746E+02, 3.59223E+03
 2.56765E+02, 3.59236E+03
 2.58784E+02, 3.59147E+03
 2.60801E+02, 3.59290E+03
 2.62819E+02, 3.59202E+03
 2.64835E+02, 3.59314E+03
 2.66851E+02, 3.59225E+03
 2.68866E+02, 3.59523E+03
 2.70880E+02, 3.59469E+03
 2.72894E+02, 3.59635E+03
 2.74907E+02, 3.59741E+03
 2.76919E+02, 3.59892E+03
 2.78930E+02, 3.60246E+03
 2.80941E+02, 3.60343E+03
 2.82951E+02, 3.60855E+03
 2.84960E+02, 3.61249E+03
 2.86969E+02, 3.61264E+03
 2.88977E+02, 3.61449E+03
 2.90984E+02, 3.61579E+03
 2.92990E+02, 3.61969E+03
 2.94996E+02, 3.62265E+03
 2.97001E+02, 3.62758E+03
 2.99005E+02, 3.62585E+03
 3.01009E+02, 3.62770E+03
 3.03012E+02, 3.62768E+03
 3.05014E+02, 3.62999E+03
 3.07015E+02, 3.63003E+03
 3.09016E+02, 3.62831E+03
 3.11016E+02, 3.62714E+03
 3.13015E+02, 3.62506E+03
 3.15013E+02, 3.62421E+03
 3.17011E+02, 3.62613E+03
 3.19008E+02, 3.62745E+03
 3.21005E+02, 3.62659E+03
 3.23000E+02, 3.62387E+03
 3.24995E+02, 3.62262E+03
 3.26990E+02, 3.62396E+03
 3.28983E+02, 3.62160E+03
 3.30976E+02, 3.61978E+03
 3.32968E+02, 3.61999E+03
 3.34959E+02, 3.61856E+03
 3.36950E+02, 3.61672E+03
 3.38940E+02, 3.61452E+03
 3.40929E+02, 3.61543E+03
 3.42918E+02, 3.61783E+03
 3.44906E+02, 3.62067E+03
 3.46893E+02, 3.62388E+03
 3.48879E+02, 3.62639E+03
 3.50865E+02, 3.62923E+03
 3.52850E+02, 3.63245E+03
 3.54834E+02, 3.63395E+03
 3.56818E+02, 3.63313E+03
 3.58801E+02, 3.63460E+03
 3.60783E+02, 3.63355E+03
 3.62765E+02, 3.63152E+03
 3.64745E+02, 3.62744E+03
 3.66725E+02, 3.62633E+03
 3.68705E+02, 3.62291E+03
 3.70684E+02, 3.61919E+03
 3.72661E+02, 3.61413E+03
 3.74639E+02, 3.61353E+03
 3.76615E+02, 3.61170E+03
 3.78591E+02, 3.60878E+03
 3.80566E+02, 3.60646E+03
 3.82541E+02, 3.60138E+03
 3.84514E+02, 3.59635E+03
 3.86487E+02, 3.59358E+03
 3.88460E+02, 3.59130E+03
 3.90431E+02, 3.58871E+03
 3.92402E+02, 3.59025E+03
 3.94373E+02, 3.58937E+03
 3.96342E+02, 3.59498E+03
 3.98311E+02, 3.60058E+03
 4.00279E+02, 3.60528E+03
 4.02246E+02, 3.60989E+03
 4.04213E+02, 3.61674E+03
 4.06179E+02, 3.62209E+03
 4.08145E+02, 3.62688E+03
 4.10109E+02, 3.63113E+03
 4.12073E+02, 3.62750E+03
 4.14036E+02, 3.62436E+03
 4.15999E+02, 3.62201E+03
 4.17961E+02, 3.61952E+03
 4.19922E+02, 3.61895E+03
 4.21882E+02, 3.62111E+03
 4.23842E+02, 3.62143E+03
 4.25801E+02, 3.62250E+03
 4.27759E+02, 3.62490E+03
 4.29717E+02, 3.62838E+03
 4.31674E+02, 3.63591E+03
 4.33630E+02, 3.64116E+03
 4.35586E+02, 3.64899E+03
 4.37541E+02, 3.65384E+03
 4.39495E+02, 3.65907E+03
 4.41448E+02, 3.66096E+03
 4.43401E+02, 3.65625E+03
 4.45353E+02, 3.64921E+03
 4.47305E+02, 3.64151E+03
 4.49255E+02, 3.63144E+03
 4.51205E+02, 3.62419E+03
 4.53155E+02, 3.61780E+03
 4.55103E+02, 3.61433E+03
 4.57051E+02, 3.61086E+03
 4.58999E+02, 3.60787E+03
 4.60945E+02, 3.61184E+03
 4.62891E+02, 3.61770E+03
 4.64836E+02, 3.63090E+03
 4.66781E+02, 3.65020E+03
 4.68725E+02, 3.68587E+03
 4.70668E+02, 3.73431E+03
 4.72610E+02, 3.79243E+03
 4.74552E+02, 3.85361E+03
 4.76493E+02, 3.89414E+03
 4.78433E+02, 3.90455E+03
 4.80373E+02, 3.89108E+03
 4.82312E+02, 3.85302E+03
 4.84250E+02, 3.81455E+03
 4.86188E+02, 3.78276E+03
 4.88125E+02, 3.75378E+03
 4.90061E+02, 3.72118E+03
 4.91997E+02, 3.70060E+03
 4.93932E+02, 3.68536E+03
 4.95866E+02, 3.67102E+03
 4.97799E+02, 3.65835E+03
 4.99732E+02, 3.64901E+03
 5.01664E+02, 3.64064E+03
 5.03596E+02, 3.62982E+03
 5.05527E+02, 3.62401E+03
 5.07457E+02, 3.62113E+03
 5.09386E+02, 3.61575E+03
 5.11315E+02, 3.61597E+03
 5.13243E+02, 3.61625E+03
 5.15170E+02, 3.61521E+03
 5.17097E+02, 3.61458E+03
 5.19023E+02, 3.61512E+03
 5.20948E+02, 3.61694E+03
 5.22873E+02, 3.61667E+03
 5.24797E+02, 3.61551E+03
 5.26720E+02, 3.61243E+03
 5.28643E+02, 3.60899E+03
 5.30565E+02, 3.60505E+03
 5.32486E+02, 3.60058E+03
 5.34407E+02, 3.59747E+03
 5.36327E+02, 3.59438E+03
 5.38246E+02, 3.59083E+03
 5.40164E+02, 3.58709E+03
 5.42082E+02, 3.58336E+03
 5.43999E+02, 3.58129E+03
 5.45916E+02, 3.57639E+03
 5.47832E+02, 3.57437E+03
 5.49747E+02, 3.57474E+03
 5.51661E+02, 3.57272E+03
 5.53575E+02, 3.57382E+03
 5.55488E+02, 3.57241E+03
 5.57401E+02, 3.57375E+03
 5.59313E+02, 3.57432E+03
 5.61224E+02, 3.57605E+03
 5.63134E+02, 3.57710E+03
 5.65044E+02, 3.57908E+03
 5.66953E+02, 3.58423E+03
 5.68862E+02, 3.58850E+03
 5.70769E+02, 3.59279E+03
 5.72676E+02, 3.59750E+03
 5.74583E+02, 3.59859E+03
 5.76488E+02, 3.60260E+03
 5.78394E+02, 3.60258E+03
 5.80298E+02, 3.60374E+03
 5.82202E+02, 3.59967E+03
 5.84105E+02, 3.59243E+03
 5.86007E+02, 3.58752E+03
 5.87909E+02, 3.58125E+03
 5.89810E+02, 3.57964E+03
 5.91710E+02, 3.57537E+03
 5.93610E+02, 3.57521E+03
 5.95509E+02, 3.57475E+03
 5.97407E+02, 3.57275E+03
 5.99305E+02, 3.57393E+03
 6.01202E+02, 3.57495E+03
 6.03098E+02, 3.57322E+03
 6.04994E+02, 3.57385E+03
 6.06889E+02, 3.57527E+03
 6.08784E+02, 3.57406E+03
 6.10677E+02, 3.57563E+03
 6.12570E+02, 3.57593E+03
 6.14463E+02, 3.57620E+03
 6.16354E+02, 3.57687E+03
 6.18245E+02, 3.57470E+03
 6.20136E+02, 3.57268E+03
 6.22025E+02, 3.56957E+03
 6.23914E+02, 3.56658E+03
 6.25803E+02, 3.56383E+03
 6.27691E+02, 3.56071E+03
 6.29578E+02, 3.55883E+03
 6.31464E+02, 3.55666E+03
 6.33350E+02, 3.55589E+03
 6.35235E+02, 3.55257E+03
 6.37119E+02, 3.55114E+03
 6.39003E+02, 3.55015E+03
 6.40886E+02, 3.54945E+03
 6.42768E+02, 3.54920E+03
 6.44650E+02, 3.54945E+03
 6.46531E+02, 3.54983E+03
 6.48412E+02, 3.54987E+03
 6.50292E+02, 3.54902E+03
 6.52171E+02, 3.54944E+03
 6.54049E+02, 3.54895E+03
 6.55927E+02, 3.54926E+03
 6.57804E+02, 3.54772E+03
 6.59681E+02, 3.54845E+03
 6.61556E+02, 3.54911E+03
 6.63432E+02, 3.54881E+03
 6.65306E+02, 3.54917E+03
 6.67180E+02, 3.54776E+03
 6.69053E+02, 3.54818E+03
 6.70926E+02, 3.54777E+03
 6.72798E+02, 3.54799E+03
 6.74669E+02, 3.54761E+03
 6.76539E+02, 3.54725E+03
 6.78409E+02, 3.54640E+03
 6.80279E+02, 3.54546E+03
 6.82147E+02, 3.54631E+03
 6.84015E+02, 3.54515E+03
 6.85882E+02, 3.54548E+03
 6.87749E+02, 3.54528E+03
 6.89615E+02, 3.54509E+03
 6.91480E+02, 3.54442E+03
 6.93345E+02, 3.54442E+03
 6.95209E+02, 3.54462E+03
 6.97073E+02, 3.54696E+03
 6.98935E+02, 3.54814E+03
 7.00797E+02, 3.54793E+03
 7.02659E+02, 3.56266E+03
 7.04520E+02, 3.62223E+03
 7.06380E+02, 3.56005E+03
 7.08239E+02, 3.55493E+03
 7.10098E+02, 3.55546E+03
 7.11956E+02, 3.55631E+03
 7.13814E+02, 3.55648E+03
 7.15671E+02, 3.55770E+03
 7.17527E+02, 3.55869E+03
 7.19382E+02, 3.55633E+03
 7.21237E+02, 3.55427E+03
 7.23092E+02, 3.55383E+03
 7.24945E+02, 3.55179E+03
 7.26798E+02, 3.54987E+03
 7.28651E+02, 3.55143E+03
 7.30502E+02, 3.56105E+03
 7.32353E+02, 3.56169E+03
 7.34204E+02, 3.54856E+03
 7.36054E+02, 3.54125E+03
 7.37903E+02, 3.54186E+03
 7.39751E+02, 3.54178E+03
 7.41599E+02, 3.54109E+03
 7.43446E+02, 3.54105E+03
 7.45293E+02, 3.54275E+03
 7.47139E+02, 3.54406E+03
 7.48984E+02, 3.54668E+03
 7.50828E+02, 3.54833E+03
 7.52672E+02, 3.55098E+03
 7.54516E+02, 3.55082E+03
 7.56358E+02, 3.55204E+03
 7.58200E+02, 3.55225E+03
 7.60042E+02, 3.55412E+03
 7.61883E+02, 3.55641E+03
 7.63723E+02, 3.55655E+03
 7.65562E+02, 3.55691E+03
 7.67401E+02, 3.55994E+03
 7.69239E+02, 3.55965E+03
 7.71077E+02, 3.55779E+03
 7.72914E+02, 3.55599E+03
 7.74750E+02, 3.55516E+03
 7.76585E+02, 3.55308E+03
 7.78420E+02, 3.55094E+03
 7.80255E+02, 3.55020E+03
 7.82088E+02, 3.54964E+03
 7.83921E+02, 3.54774E+03
 7.85754E+02, 3.54701E+03
 7.87586E+02, 3.54562E+03
 7.89417E+02, 3.54551E+03
 7.91247E+02, 3.54391E+03
 7.93077E+02, 3.54281E+03
 7.94906E+02, 3.54177E+03
 7.96735E+02, 3.54115E+03
 7.98563E+02, 3.54016E+03
 8.00390E+02, 3.53902E+03
 8.02217E+02, 3.53744E+03
 8.04043E+02, 3.53658E+03
 8.05869E+02, 3.53576E+03
 8.07693E+02, 3.53613E+03
 8.09517E+02, 3.53704E+03
 8.11341E+02, 3.53549E+03
 8.13164E+02, 3.53656E+03
 8.14986E+02, 3.53554E+03
 8.16808E+02, 3.53594E+03
 8.18629E+02, 3.53685E+03
 8.20449E+02, 3.53765E+03
 8.22269E+02, 3.53893E+03
 8.24088E+02, 3.53906E+03
 8.25906E+02, 3.54159E+03
 8.27724E+02, 3.54485E+03
 8.29541E+02, 3.54617E+03
 8.31358E+02, 3.55066E+03
 8.33174E+02, 3.55431E+03
 8.34989E+02, 3.55910E+03
 8.36804E+02, 3.56336E+03
 8.38618E+02, 3.56982E+03
 8.40431E+02, 3.57606E+03
 8.42244E+02, 3.58208E+03
 8.44056E+02, 3.58573E+03
 8.45868E+02, 3.59115E+03
 8.47679E+02, 3.59428E+03
 8.49489E+02, 3.59879E+03
 8.51298E+02, 3.60229E+03
 8.53107E+02, 3.60586E+03
 8.54916E+02, 3.60716E+03
 8.56724E+02, 3.61072E+03
 8.58531E+02, 3.61193E+03
 8.60337E+02, 3.61695E+03
 8.62143E+02, 3.62022E+03
 8.63948E+02, 3.62275E+03
 8.65753E+02, 3.62736E+03
 8.67557E+02, 3.62833E+03
 8.69360E+02, 3.62373E+03
 8.71163E+02, 3.61901E+03
 8.72965E+02, 3.61039E+03
 8.74767E+02, 3.59816E+03
 8.76568E+02, 3.58832E+03
 8.78368E+02, 3.57774E+03
 8.80167E+02, 3.56766E+03
 8.81966E+02, 3.56144E+03
 8.83765E+02, 3.55817E+03
 8.85563E+02, 3.55321E+03
 8.87360E+02, 3.55391E+03
 8.89156E+02, 3.55196E+03
 8.90952E+02, 3.55335E+03
 8.92747E+02, 3.55482E+03
 8.94542E+02, 3.55845E+03
 8.96336E+02, 3.55893E+03
 8.98129E+02, 3.56021E+03
 8.99922E+02, 3.56513E+03
 9.01714E+02, 3.56823E+03
 9.03506E+02, 3.57309E+03
 9.05297E+02, 3.57786E+03
 9.07087E+02, 3.57964E+03
 9.08877E+02, 3.58146E+03
 9.10666E+02, 3.58506E+03
 9.12454E+02, 3.58690E+03
 9.14242E+02, 3.58714E+03
 9.16029E+02, 3.59108E+03
 9.17816E+02, 3.59295E+03
 9.19602E+02, 3.59581E+03
 9.21387E+02, 3.59906E+03
 9.23172E+02, 3.60548E+03
 9.24956E+02, 3.60980E+03
 9.26740E+02, 3.61207E+03
 9.28523E+02, 3.61449E+03
 9.30305E+02, 3.61914E+03
 9.32087E+02, 3.62539E+03
 9.33868E+02, 3.63202E+03
 9.35648E+02, 3.63862E+03
 9.37428E+02, 3.64190E+03
 9.39207E+02, 3.65012E+03
 9.40986E+02, 3.65712E+03
 9.42764E+02, 3.65349E+03
 9.44541E+02, 3.64669E+03
 9.46318E+02, 3.62817E+03
 9.48094E+02, 3.60611E+03
 9.49869E+02, 3.58971E+03
 9.51644E+02, 3.57555E+03
 9.53419E+02, 3.56461E+03
 9.55192E+02, 3.55555E+03
 9.56965E+02, 3.54997E+03
 9.58738E+02, 3.54655E+03
 9.60510E+02, 3.54368E+03
 9.62281E+02, 3.54256E+03
 9.64051E+02, 3.54093E+03
 9.65821E+02, 3.54049E+03
 9.67591E+02, 3.53869E+03
 9.69360E+02, 3.53860E+03
 9.71128E+02, 3.53819E+03
 9.72895E+02, 3.53860E+03
 9.74662E+02, 3.53804E+03
 9.76429E+02, 3.53881E+03
 9.78195E+02, 3.53949E+03
 9.79960E+02, 3.53934E+03
 9.81724E+02, 3.53893E+03
 9.83488E+02, 3.54038E+03
 9.85251E+02, 3.54206E+03
 9.87014E+02, 3.54375E+03
 9.88776E+02, 3.54652E+03
 9.90538E+02, 3.54801E+03
 9.92299E+02, 3.55040E+03
 9.94059E+02, 3.55360E+03
 9.95819E+02, 3.55773E+03
 9.97578E+02, 3.56171E+03
 9.99336E+02, 3.56441E+03
 1.00109E+03, 3.56600E+03
 1.00285E+03, 3.56826E+03
 1.00461E+03, 3.57083E+03
 1.00636E+03, 3.57328E+03
 1.00812E+03, 3.57263E+03
 1.00987E+03, 3.57408E+03
 1.01163E+03, 3.57578E+03
 1.01338E+03, 3.57667E+03
 1.01514E+03, 3.57796E+03
 1.01689E+03, 3.57865E+03
 1.01864E+03, 3.58083E+03
 1.02039E+03, 3.58059E+03
 1.02214E+03, 3.58127E+03
 1.02389E+03, 3.58412E+03
 1.02564E+03, 3.58537E+03
 1.02739E+03, 3.58372E+03
 1.02914E+03, 3.58684E+03
 1.03089E+03, 3.58697E+03
 1.03263E+03, 3.58792E+03
 1.03438E+03, 3.58779E+03
 1.03612E+03, 3.59033E+03
 1.03787E+03, 3.59430E+03
 1.03961E+03, 3.59669E+03
 1.04136E+03, 3.59970E+03
 1.04310E+03, 3.60067E+03
 1.04484E+03, 3.60183E+03
 1.04659E+03, 3.60526E+03
 1.04833E+03, 3.60924E+03
 1.05007E+03, 3.61100E+03
 1.05181E+03, 3.61207E+03
 1.05355E+03, 3.61223E+03
 1.05529E+03, 3.61127E+03
 1.05703E+03, 3.60930E+03
 1.05877E+03, 3.60588E+03
 1.06050E+03, 3.60436E+03
 1.06224E+03, 3.60056E+03
 1.06398E+03, 3.59816E+03
 1.06571E+03, 3.59479E+03
 1.06745E+03, 3.59341E+03
 1.06918E+03, 3.59366E+03
 1.07092E+03, 3.59504E+03
 1.07265E+03, 3.60103E+03
 1.07438E+03, 3.60974E+03
 1.07611E+03, 3.62050E+03
 1.07785E+03, 3.63285E+03
 1.07958E+03, 3.63929E+03
 1.08131E+03, 3.64584E+03
 1.08304E+03, 3.64689E+03
 1.08477E+03, 3.64518E+03
 1.08649E+03, 3.64610E+03
 1.08822E+03, 3.64056E+03
 1.08995E+03, 3.63655E+03
 1.09168E+03, 3.63002E+03
 1.09340E+03, 3.62520E+03
 1.09513E+03, 3.62422E+03
 1.09685E+03, 3.62337E+03
 1.09858E+03, 3.62492E+03
 1.10030E+03, 3.62481E+03
 1.10202E+03, 3.62902E+03
 1.10375E+03, 3.63145E+03
 1.10547E+03, 3.63729E+03
 1.10719E+03, 3.64102E+03
 1.10891E+03, 3.64195E+03
 1.11063E+03, 3.64406E+03
 1.11235E+03, 3.64777E+03
 1.11407E+03, 3.64637E+03
 1.11579E+03, 3.64575E+03
 1.11751E+03, 3.64532E+03
 1.11922E+03, 3.64398E+03
 1.12094E+03, 3.64596E+03
 1.12266E+03, 3.64884E+03
 1.12437E+03, 3.65216E+03
 1.12609E+03, 3.65432E+03
 1.12780E+03, 3.65619E+03
 1.12952E+03, 3.65887E+03
 1.13123E+03, 3.65449E+03
 1.13294E+03, 3.64773E+03
 1.13465E+03, 3.64178E+03
 1.13637E+03, 3.63632E+03
 1.13808E+03, 3.63202E+03
 1.13979E+03, 3.62763E+03
 1.14150E+03, 3.62689E+03
 1.14321E+03, 3.62345E+03
 1.14491E+03, 3.62361E+03
 1.14662E+03, 3.62011E+03
 1.14833E+03, 3.62058E+03
 1.15004E+03, 3.61797E+03
 1.15174E+03, 3.61531E+03
 1.15345E+03, 3.61446E+03
 1.15515E+03, 3.60840E+03
 1.15686E+03, 3.60297E+03
 1.15856E+03, 3.59630E+03
 1.16026E+03, 3.59175E+03
 1.16197E+03, 3.58501E+03
 1.16367E+03, 3.57833E+03
 1.16537E+03, 3.57357E+03
 1.16707E+03, 3.56660E+03
 1.16877E+03, 3.56136E+03
 1.17047E+03, 3.55706E+03
 1.17217E+03, 3.55446E+03
 1.17387E+03, 3.55042E+03
 1.17557E+03, 3.54650E+03
 1.17727E+03, 3.54557E+03
 1.17896E+03, 3.54434E+03
 1.18066E+03, 3.54317E+03
 1.18236E+03, 3.54089E+03
 1.18405E+03, 3.54086E+03
 1.18575E+03, 3.54073E+03
 1.18744E+03, 3.54094E+03
 1.18913E+03, 3.54079E+03
 1.19083E+03, 3.54126E+03
 1.19252E+03, 3.54166E+03
 1.19421E+03, 3.54148E+03
 1.19590E+03, 3.54233E+03
 1.19759E+03, 3.54377E+03
 1.19928E+03, 3.54507E+03
 1.20097E+03, 3.54461E+03
 1.20266E+03, 3.54697E+03
 1.20435E+03, 3.54774E+03
 1.20604E+03, 3.54840E+03
 1.20772E+03, 3.55035E+03
 1.20941E+03, 3.54995E+03
 1.21110E+03, 3.54965E+03
 1.21278E+03, 3.55053E+03
 1.21447E+03, 3.54949E+03
 1.21615E+03, 3.54752E+03
 1.21783E+03, 3.54704E+03
 1.21952E+03, 3.54733E+03
 1.22120E+03, 3.54665E+03
 1.22288E+03, 3.54678E+03
 1.22456E+03, 3.54733E+03
 1.22624E+03, 3.54923E+03
 1.22792E+03, 3.54886E+03
 1.22960E+03, 3.55034E+03
 1.23128E+03, 3.55153E+03
 1.23296E+03, 3.55322E+03
 1.23464E+03, 3.55590E+03
 1.23632E+03, 3.55732E+03
 1.23799E+03, 3.56021E+03
 1.23967E+03, 3.56128E+03
 1.24135E+03, 3.56344E+03
 1.24302E+03, 3.56718E+03
 1.24470E+03, 3.56801E+03
 1.24637E+03, 3.56838E+03
 1.24804E+03, 3.57051E+03
 1.24972E+03, 3.57155E+03
 1.25139E+03, 3.57243E+03
 1.25306E+03, 3.57384E+03
 1.25473E+03, 3.57601E+03
 1.25640E+03, 3.57515E+03
 1.25807E+03, 3.57827E+03
 1.25974E+03, 3.57927E+03
 1.26141E+03, 3.57999E+03
 1.26308E+03, 3.58067E+03
 1.26475E+03, 3.58141E+03
 1.26641E+03, 3.57988E+03
 1.26808E+03, 3.57758E+03
 1.26975E+03, 3.57329E+03
 1.27141E+03, 3.56917E+03
 1.27308E+03, 3.56698E+03
 1.27474E+03, 3.56622E+03
 1.27641E+03, 3.56154E+03
 1.27807E+03, 3.55980E+03
 1.27973E+03, 3.55784E+03
 1.28139E+03, 3.55737E+03
 1.28306E+03, 3.55800E+03
 1.28472E+03, 3.55750E+03
 1.28638E+03, 3.55661E+03
 1.28804E+03, 3.55678E+03
 1.28970E+03, 3.55607E+03
 1.29135E+03, 3.55685E+03
 1.29301E+03, 3.55736E+03
 1.29467E+03, 3.55852E+03
 1.29633E+03, 3.55936E+03
 1.29798E+03, 3.55961E+03
 1.29964E+03, 3.56199E+03
 1.30130E+03, 3.56375E+03
 1.30295E+03, 3.56347E+03
 1.30460E+03, 3.56604E+03
 1.30626E+03, 3.56875E+03
 1.30791E+03, 3.56850E+03
 1.30956E+03, 3.57017E+03
 1.31122E+03, 3.57040E+03
 1.31287E+03, 3.56968E+03
 1.31452E+03, 3.57167E+03
 1.31617E+03, 3.57349E+03
 1.31782E+03, 3.57640E+03
 1.31947E+03, 3.57923E+03
 1.32112E+03, 3.58115E+03
 1.32276E+03, 3.58731E+03
 1.32441E+03, 3.59122E+03
 1.32606E+03, 3.59661E+03
 1.32771E+03, 3.59961E+03
 1.32935E+03, 3.60216E+03
 1.33100E+03, 3.60568E+03
 1.33264E+03, 3.61386E+03
 1.33429E+03, 3.61600E+03
 1.33593E+03, 3.62073E+03
 1.33757E+03, 3.62108E+03
 1.33922E+03, 3.62172E+03
 1.34086E+03, 3.62495E+03
 1.34250E+03, 3.62319E+03
 1.34414E+03, 3.62042E+03
 1.34578E+03, 3.61478E+03
 1.34742E+03, 3.61382E+03
 1.34906E+03, 3.60968E+03
 1.35070E+03, 3.60703E+03
 1.35234E+03, 3.60455E+03
 1.35397E+03, 3.60044E+03
 1.35561E+03, 3.59771E+03
 1.35725E+03, 3.59352E+03
 1.35888E+03, 3.59169E+03
 1.36052E+03, 3.58994E+03
 1.36215E+03, 3.59097E+03
 1.36379E+03, 3.59058E+03
 1.36542E+03, 3.59136E+03
 1.36706E+03, 3.59391E+03
 1.36869E+03, 3.59553E+03
 1.37032E+03, 3.59835E+03
 1.37195E+03, 3.59902E+03
 1.37358E+03, 3.60121E+03
 1.37521E+03, 3.60603E+03
 1.37684E+03, 3.60829E+03
 1.37847E+03, 3.60704E+03
 1.38010E+03, 3.60682E+03
 1.38173E+03, 3.60841E+03
 1.38336E+03, 3.60644E+03
 1.38498E+03, 3.60675E+03
 1.38661E+03, 3.60360E+03
 1.38824E+03, 3.60209E+03
 1.38986E+03, 3.60007E+03
 1.39149E+03, 3.59893E+03
 1.39311E+03, 3.59905E+03
 1.39474E+03, 3.59946E+03
 1.39636E+03, 3.59767E+03
 1.39798E+03, 3.59714E+03
 1.39960E+03, 3.59857E+03
 1.40123E+03, 3.59661E+03
 1.40285E+03, 3.59443E+03
 1.40447E+03, 3.59345E+03
 1.40609E+03, 3.59068E+03
 1.40771E+03, 3.58688E+03
 1.40933E+03, 3.58589E+03
 1.41094E+03, 3.58424E+03
 1.41256E+03, 3.58310E+03
 1.41418E+03, 3.57846E+03
 1.41580E+03, 3.57477E+03
 1.41741E+03, 3.57317E+03
 1.41903E+03, 3.57238E+03
 1.42064E+03, 3.56876E+03
 1.42226E+03, 3.56669E+03
 1.42387E+03, 3.56505E+03
 1.42549E+03, 3.56254E+03
 1.42710E+03, 3.56117E+03
 1.42871E+03, 3.55973E+03
 1.43032E+03, 3.55779E+03
 1.43193E+03, 3.55383E+03
 1.43354E+03, 3.55347E+03
 1.43516E+03, 3.55281E+03
 1.43676E+03, 3.55312E+03
 1.43837E+03, 3.55161E+03
 1.43998E+03, 3.55208E+03
 1.44159E+03, 3.55192E+03
 1.44320E+03, 3.55308E+03
 1.44481E+03, 3.55378E+03
 1.44641E+03, 3.55548E+03
 1.44802E+03, 3.55849E+03
 1.44962E+03, 3.56325E+03
 1.45123E+03, 3.56758E+03
 1.45283E+03, 3.57361E+03
 1.45444E+03, 3.57754E+03
 1.45604E+03, 3.58219E+03
 1.45764E+03, 3.58484E+03
 1.45924E+03, 3.58549E+03
 1.46085E+03, 3.58652E+03
 1.46245E+03, 3.58434E+03
 1.46405E+03, 3.58321E+03
 1.46565E+03, 3.58058E+03
 1.46725E+03, 3.57785E+03
 1.46885E+03, 3.57411E+03
 1.47044E+03, 3.56911E+03
 1.47204E+03, 3.56308E+03
 1.47364E+03, 3.55614E+03
 1.47524E+03, 3.55292E+03
 1.47683E+03, 3.54664E+03
 1.47843E+03, 3.54366E+03
 1.48002E+03, 3.54112E+03
 1.48162E+03, 3.53959E+03
 1.48321E+03, 3.53629E+03
 1.48481E+03, 3.53615E+03
 1.48640E+03, 3.53486E+03
 1.48799E+03, 3.53435E+03
 1.48958E+03, 3.53328E+03
 1.49118E+03, 3.53138E+03
 1.49277E+03, 3.53210E+03
 1.49436E+03, 3.53213E+03
 1.49595E+03, 3.53144E+03
 1.49754E+03, 3.53072E+03
 1.49913E+03, 3.53091E+03
 1.50071E+03, 3.53081E+03
 1.50230E+03, 3.53013E+03
 1.50389E+03, 3.53040E+03
 1.50548E+03, 3.53054E+03
 1.50706E+03, 3.52956E+03
 1.50865E+03, 3.53025E+03
 1.51023E+03, 3.52960E+03
 1.51182E+03, 3.52959E+03
 1.51340E+03, 3.52958E+03
 1.51498E+03, 3.53026E+03
 1.51657E+03, 3.52934E+03
 1.51815E+03, 3.52937E+03
 1.51973E+03, 3.52895E+03
 1.52131E+03, 3.52891E+03
 1.52289E+03, 3.52952E+03
 1.52447E+03, 3.52899E+03
 1.52605E+03, 3.52919E+03
 1.52763E+03, 3.52977E+03
 1.52921E+03, 3.52929E+03
 1.53079E+03, 3.53028E+03
 1.53237E+03, 3.52976E+03
 1.53395E+03, 3.52937E+03
 1.53552E+03, 3.52922E+03
 1.53710E+03, 3.52975E+03
 1.53867E+03, 3.53064E+03
 1.54025E+03, 3.52906E+03
 1.54182E+03, 3.53028E+03
 1.54340E+03, 3.52959E+03
 1.54497E+03, 3.52965E+03
 1.54654E+03, 3.53009E+03
 1.54812E+03, 3.52956E+03
 1.54969E+03, 3.52875E+03
 1.55126E+03, 3.52941E+03
 1.55283E+03, 3.52959E+03
 1.55440E+03, 3.52978E+03
 1.55597E+03, 3.52980E+03
 1.55754E+03, 3.52911E+03
 1.55911E+03, 3.52968E+03
 1.56068E+03, 3.52913E+03
 1.56225E+03, 3.52974E+03
 1.56381E+03, 3.53038E+03
 1.56538E+03, 3.53001E+03
 1.56695E+03, 3.52909E+03
 1.56851E+03, 3.52995E+03
 1.57008E+03, 3.52986E+03
 1.57164E+03, 3.53089E+03
 1.57320E+03, 3.52917E+03
 1.57477E+03, 3.53010E+03
 1.57633E+03, 3.52957E+03
 1.57789E+03, 3.52995E+03
 1.57946E+03, 3.52996E+03
 1.58102E+03, 3.52946E+03
 1.58258E+03, 3.52984E+03
 1.58414E+03, 3.52992E+03
 1.58570E+03, 3.53053E+03
 1.58726E+03, 3.52920E+03
 1.58882E+03, 3.52945E+03
 1.59038E+03, 3.52921E+03
 1.59193E+03, 3.52987E+03
 1.59349E+03, 3.52869E+03
 1.59505E+03, 3.52959E+03
 1.59660E+03, 3.53036E+03
 1.59816E+03, 3.52972E+03
 1.59971E+03, 3.52980E+03
 1.60127E+03, 3.52880E+03
 1.60282E+03, 3.52895E+03
 1.60438E+03, 3.53008E+03
 1.60593E+03, 3.52951E+03
 1.60748E+03, 3.53083E+03
 1.60904E+03, 3.52972E+03
 1.61059E+03, 3.52970E+03
 1.61214E+03, 3.52978E+03
 1.61369E+03, 3.53004E+03
 1.61524E+03, 3.53099E+03
 1.61679E+03, 3.53081E+03
 1.61834E+03, 3.53054E+03
 1.61989E+03, 3.53020E+03
 1.62143E+03, 3.53019E+03
 1.62298E+03, 3.53008E+03
 1.62453E+03, 3.53093E+03
 1.62608E+03, 3.53098E+03
 1.62762E+03, 3.53066E+03
 1.62917E+03, 3.53021E+03
 1.63071E+03, 3.53073E+03
 1.63226E+03, 3.53106E+03
 1.63380E+03, 3.53028E+03
 1.63534E+03, 3.53066E+03
 1.63689E+03, 3.53157E+03
 1.63843E+03, 3.53197E+03
 1.63997E+03, 3.53002E+03
 1.64151E+03, 3.53108E+03
 1.64305E+03, 3.53108E+03
 1.64459E+03, 3.53143E+03
 1.64613E+03, 3.53259E+03
 1.64767E+03, 3.53166E+03
 1.64921E+03, 3.53259E+03
 1.65075E+03, 3.53246E+03
 1.65229E+03, 3.53187E+03
 1.65382E+03, 3.53189E+03
 1.65536E+03, 3.53366E+03
 1.65690E+03, 3.53225E+03
 1.65843E+03, 3.53341E+03
 1.65997E+03, 3.53226E+03
 1.66150E+03, 3.53423E+03
 1.66304E+03, 3.53391E+03
 1.66457E+03, 3.53373E+03
 1.66610E+03, 3.53250E+03
 1.66764E+03, 3.53207E+03
 1.66917E+03, 3.53193E+03
 1.67070E+03, 3.53214E+03
 1.67223E+03, 3.53111E+03
 1.67376E+03, 3.53142E+03
 1.67529E+03, 3.53131E+03
 1.67682E+03, 3.53149E+03
 1.67835E+03, 3.53137E+03
 1.67988E+03, 3.53095E+03
 1.68141E+03, 3.53063E+03
 1.68294E+03, 3.53019E+03
 1.68446E+03, 3.53074E+03
 1.68599E+03, 3.53062E+03
 1.68752E+03, 3.53104E+03
 1.68904E+03, 3.53076E+03
 1.69057E+03, 3.53101E+03
 1.69209E+03, 3.53083E+03
 1.69362E+03, 3.53242E+03
 1.69514E+03, 3.53181E+03
 1.69666E+03, 3.53081E+03
 1.69818E+03, 3.53148E+03
 1.69971E+03, 3.53116E+03
 1.70123E+03, 3.53099E+03
 1.70275E+03, 3.53109E+03
 1.70427E+03, 3.53080E+03
 1.70579E+03, 3.53109E+03
 1.70731E+03, 3.53108E+03
 1.70883E+03, 3.53185E+03
 1.71035E+03, 3.53162E+03
 1.71187E+03, 3.53058E+03
 1.71338E+03, 3.53153E+03
 1.71490E+03, 3.53066E+03
 1.71642E+03, 3.53116E+03
 1.71793E+03, 3.53183E+03
 1.71945E+03, 3.53089E+03
 1.72096E+03, 3.53007E+03
 1.72248E+03, 3.53118E+03
 1.72399E+03, 3.53115E+03
 1.72551E+03, 3.53096E+03
 1.72702E+03, 3.53099E+03
 1.72853E+03, 3.53093E+03
 1.73004E+03, 3.53158E+03
 1.73155E+03, 3.53180E+03
 1.73307E+03, 3.53191E+03
 1.73458E+03, 3.53121E+03
 1.73609E+03, 3.53257E+03
 1.73760E+03, 3.53149E+03
 1.73910E+03, 3.53185E+03
 1.74061E+03, 3.53229E+03
 1.74212E+03, 3.53170E+03
 1.74363E+03, 3.53122E+03
 1.74514E+03, 3.53155E+03
 1.74664E+03, 3.53175E+03
 1.74815E+03, 3.53160E+03
 1.74965E+03, 3.53266E+03
 1.75116E+03, 3.53212E+03
 1.75266E+03, 3.53204E+03
 1.75417E+03, 3.53260E+03
 1.75567E+03, 3.53183E+03
 1.75717E+03, 3.53173E+03
 1.75868E+03, 3.53162E+03
 1.76018E+03, 3.53247E+03
 1.76168E+03, 3.53286E+03
 1.76318E+03, 3.53217E+03
 1.76468E+03, 3.53160E+03
 1.76618E+03, 3.53246E+03
 1.76768E+03, 3.53369E+03
 1.76918E+03, 3.53217E+03
 1.77068E+03, 3.53304E+03
 1.77218E+03, 3.53311E+03
 1.77368E+03, 3.53270E+03
 1.77517E+03, 3.53283E+03
 1.77667E+03, 3.53219E+03
 1.77817E+03, 3.53311E+03
 1.77966E+03, 3.53126E+03
 1.78116E+03, 3.53168E+03
 1.78265E+03, 3.53157E+03
